158 1588
1 5 113
1 6 3990
1 9 4860
1 12 4348
1 14 3041
1 20 6834
1 21 2325
1 30 1080
1 38 6779
1 39 7712
1 49 8259
1 51 502
1 65 2448
1 67 1078
1 83 1709
1 91 8635
1 98 7989
1 99 8322
1 100 4779
1 108 2998
1 114 5460
1 115 8707
1 127 6584
1 134 5112
1 139 6831
1 151 6682
2 6 8017
2 8 7538
2 14 7581
2 21 2538
2 22 1918
2 31 1263
2 46 4788
2 50 4671
2 51 2466
2 65 5644
2 69 126
2 70 4541
2 80 4576
2 91 8898
2 94 8876
2 105 2842
2 107 2176
2 109 7980
2 112 8549
2 117 820
2 120 4279
2 123 1676
2 131 8056
2 146 7682
2 151 8830
2 155 2614
3 13 6988
3 14 2101
3 18 3104
3 21 1618
3 25 1375
3 31 7488
3 34 804
3 46 1411
3 75 6897
3 100 502
3 115 2801
3 117 7134
3 119 4726
3 127 854
3 132 4602
3 136 1285
3 140 763
3 151 6894
3 153 1489
4 5 3808
4 7 3956
4 14 6501
4 18 4779
4 37 818
4 49 3386
4 57 4274
4 60 6685
4 72 1466
4 75 984
4 76 784
4 80 3242
4 87 1749
4 90 3027
4 92 28
4 95 4926
4 96 3715
4 97 5526
4 99 2124
4 105 1419
4 145 597
4 153 3764
5 10 7947
5 11 4312
5 24 2743
5 25 7920
5 26 3462
5 28 7474
5 34 6495
5 37 7136
5 44 6514
5 55 936
5 72 4929
5 77 7462
5 83 6390
5 101 681
5 106 2970
5 113 8573
5 123 6463
5 130 7454
5 140 5089
5 154 6679
6 7 5175
6 32 6063
6 38 2218
6 39 7262
6 54 2714
6 57 3565
6 64 7945
6 74 2397
6 75 722
6 132 3820
6 155 1039
7 9 8062
7 10 6937
7 11 6253
7 28 6137
7 57 5275
7 61 2491
7 67 3685
7 71 4502
7 88 3712
7 91 6589
7 92 6286
7 101 5954
7 110 5280
7 116 3788
7 117 5208
7 119 4864
7 125 6950
7 126 6156
7 139 4431
7 141 3679
7 149 8895
7 154 7891
8 11 3718
8 38 995
8 40 2066
8 45 3801
8 53 2501
8 59 4547
8 64 4889
8 73 5178
8 91 1813
8 95 1182
8 105 8001
8 111 4035
8 121 5091
8 130 3168
8 146 3533
8 149 8872
8 151 1191
8 156 7693
8 157 7847
8 158 8779
9 15 500
9 17 1423
9 20 3934
9 33 408
9 42 5635
9 45 2743
9 49 5083
9 51 4281
9 58 7130
9 76 5456
9 83 5284
9 101 1333
9 103 3631
9 105 2927
9 120 7641
9 123 7725
9 134 8195
9 137 7805
9 138 8261
10 20 4402
10 22 8531
10 25 1173
10 38 2987
10 43 7787
10 45 8600
10 51 7259
10 73 8663
10 74 1446
10 80 2974
10 87 3429
10 97 2263
10 101 419
10 103 2086
10 108 8224
10 113 550
10 115 140
10 131 1963
10 140 5543
10 142 7135
11 16 7366
11 18 5754
11 23 7862
11 25 3029
11 26 6844
11 27 2769
11 28 3861
11 47 7999
11 49 6589
11 50 409
11 77 1632
11 88 7127
11 103 1721
11 115 1763
11 119 7924
11 137 1873
11 143 8644
11 158 3324
12 15 8567
12 17 6653
12 24 3391
12 25 8656
12 31 8922
12 35 4565
12 49 6837
12 55 5675
12 57 4945
12 65 8114
12 66 3171
12 71 8526
12 74 6760
12 83 1578
12 84 238
12 89 3415
12 91 6187
12 95 4018
12 100 8935
12 105 4459
12 123 490
13 18 8474
13 40 5151
13 43 6475
13 45 8239
13 47 2600
13 58 750
13 71 797
13 78 5867
13 88 3180
13 89 8931
13 101 6737
13 111 5635
13 113 5191
13 116 3673
13 120 6339
13 148 3145
13 153 4562
13 156 1044
14 15 1982
14 23 1589
14 31 8039
14 45 7565
14 54 2517
14 66 179
14 74 6270
14 94 7955
14 96 8401
14 99 1564
14 102 5421
14 106 6586
14 119 5766
14 124 2167
14 127 2511
14 130 8815
14 132 8440
14 149 831
14 155 811
14 156 6748
15 17 1191
15 20 2642
15 29 7095
15 30 8615
15 37 3669
15 46 7065
15 65 2853
15 72 1278
15 75 3912
15 89 569
15 96 4079
15 100 2542
15 116 5481
15 134 7143
15 149 286
15 151 3838
15 158 3963
16 19 6189
16 25 5193
16 29 2685
16 31 2308
16 33 4300
16 34 7573
16 41 8121
16 45 5463
16 54 7163
16 56 1299
16 65 1925
16 72 4354
16 79 6442
16 84 2679
16 89 3324
16 90 3839
16 102 5331
16 110 5329
16 111 4367
16 127 8820
16 138 4131
16 143 3808
16 148 8752
17 18 8790
17 23 7746
17 24 232
17 31 4275
17 37 435
17 38 4000
17 58 8303
17 88 5638
17 92 1899
17 97 3120
17 98 3135
17 119 1294
17 134 8007
17 140 7193
17 156 6937
18 24 5939
18 35 3497
18 41 1673
18 48 5583
18 53 6862
18 55 4549
18 63 2583
18 66 7169
18 68 6646
18 86 3406
18 87 5577
18 95 7128
18 108 6767
18 113 1267
18 120 948
18 136 7371
18 145 2238
18 157 1416
19 31 3522
19 41 3664
19 44 2442
19 51 7401
19 77 4461
19 83 1268
19 112 1616
19 113 3947
19 124 7106
19 126 5110
20 21 61
20 23 8005
20 25 8343
20 28 2327
20 38 8364
20 42 4776
20 44 8778
20 60 3124
20 74 8647
20 76 6803
20 84 8437
20 89 5127
20 97 8647
20 99 5675
20 108 6289
20 114 6186
20 124 5328
20 139 557
20 145 7551
20 151 1117
21 30 2129
21 64 1018
21 67 5825
21 71 8355
21 83 5825
21 104 2587
21 108 8849
21 122 352
21 124 29
21 126 2043
21 135 6667
21 136 7495
21 146 5157
21 148 3171
21 158 1903
22 23 4528
22 51 2215
22 53 2615
22 56 4457
22 75 1717
22 86 3718
22 88 808
22 95 6921
22 117 7511
22 141 8335
22 144 6229
22 148 2304
23 60 3087
23 62 3752
23 74 4524
23 79 1546
23 92 2469
23 105 7620
23 110 6724
23 115 3710
23 116 1040
23 120 669
23 126 55
23 131 5905
23 146 4106
23 155 4904
23 158 389
24 46 6869
24 49 1688
24 54 1640
24 57 3159
24 58 670
24 63 7983
24 67 7615
24 74 5743
24 81 4526
24 86 5060
24 101 7385
24 116 6900
24 117 1472
24 126 8077
24 133 1203
24 134 7469
24 149 8810
24 153 5379
24 157 2089
25 37 5376
25 47 3664
25 57 386
25 59 450
25 63 8349
25 67 1480
25 74 229
25 77 5568
25 82 6866
25 83 164
25 88 7600
25 91 4642
25 95 3231
25 111 1852
25 121 4173
25 122 873
25 123 837
25 135 8688
25 136 8218
25 141 1400
25 150 7624
25 152 5690
25 155 8230
26 44 5052
26 49 7022
26 58 6628
26 66 1527
26 77 8392
26 87 508
26 89 173
26 92 7755
26 102 5301
26 108 7963
26 109 5104
26 119 4400
26 129 1959
26 131 2537
26 139 883
26 147 2182
26 154 2661
26 156 6894
27 28 1235
27 34 8634
27 42 2476
27 51 2049
27 58 4908
27 71 3018
27 88 4020
27 111 8073
27 112 5374
27 149 8542
27 155 5776
27 158 8454
28 33 6780
28 44 743
28 47 7916
28 61 7350
28 64 4876
28 73 4506
28 81 3182
28 85 3633
28 94 3401
28 95 3330
28 101 1817
28 107 4341
28 109 4325
28 112 7262
28 132 6457
28 142 3973
29 34 6061
29 36 6763
29 46 3403
29 63 281
29 73 6391
29 76 6715
29 85 5482
29 86 8361
29 108 1172
29 110 6098
29 131 5654
29 143 7592
29 147 3934
29 155 2486
30 36 7458
30 54 1659
30 55 1182
30 67 2345
30 77 1940
30 78 4446
30 84 3600
30 96 3392
30 103 7400
30 113 1703
30 118 5164
30 127 5172
30 145 7709
30 146 6904
30 154 2735
31 41 164
31 46 8491
31 50 7116
31 55 2122
31 58 33
31 63 6103
31 66 2752
31 91 1051
31 99 1653
31 122 6553
31 125 3195
31 129 7614
31 133 3474
31 136 5270
31 138 3740
31 154 981
32 40 3936
32 48 6883
32 59 5506
32 60 3940
32 61 8871
32 63 4739
32 67 5226
32 104 7652
32 109 6433
32 112 7109
32 114 2594
32 117 6300
32 124 4717
32 125 2230
32 138 2191
32 142 6275
32 147 2873
32 153 2033
32 156 7327
33 40 3538
33 41 7581
33 42 5230
33 44 4132
33 62 7165
33 70 2927
33 77 7849
33 86 5941
33 97 5819
33 118 4416
33 122 1449
33 123 5650
33 138 239
33 149 2600
33 151 7497
34 39 3431
34 45 5546
34 51 8715
34 52 5897
34 54 8489
34 65 48
34 66 680
34 68 4942
34 69 7108
34 103 6499
34 105 6004
34 106 7581
34 110 7098
34 111 8508
34 119 4858
34 124 8582
34 138 3173
34 142 2016
34 144 3857
35 47 1624
35 56 4695
35 74 5484
35 80 6493
35 82 2314
35 84 2040
35 87 3025
35 109 8450
35 112 7780
35 113 1315
35 133 454
35 144 7325
35 145 4743
35 151 427
35 152 5165
35 153 3171
36 42 2123
36 55 4811
36 60 5969
36 67 4895
36 95 4704
36 100 8833
36 106 6488
36 125 2492
36 129 905
36 130 4215
36 154 2230
36 157 4673
37 40 7765
37 63 1200
37 64 789
37 67 8722
37 76 8384
37 80 1889
37 86 3714
37 96 7946
37 107 457
37 118 5480
37 125 567
37 144 1829
37 149 2126
37 158 570
38 61 2524
38 62 3669
38 63 5225
38 71 6944
38 96 7593
38 103 8828
38 114 3491
38 122 8777
38 125 2444
38 131 6831
38 152 4784
38 158 1561
39 48 3610
39 71 7076
39 79 1779
39 86 1111
39 87 3544
39 91 6412
39 92 3292
39 105 8629
39 109 839
39 110 2347
39 113 5967
39 120 1191
39 125 2273
39 126 4288
39 130 3406
39 133 2444
39 137 811
40 44 5228
40 60 5607
40 61 7865
40 68 8172
40 81 3101
40 83 1357
40 86 4370
40 90 1434
40 100 5216
40 107 2616
40 108 4901
40 127 1191
40 131 3304
40 135 1279
40 139 5640
40 140 4572
40 141 3615
40 143 6784
40 145 2605
40 155 7678
40 157 319
41 42 2273
41 54 8849
41 81 1684
41 87 5182
41 98 1780
41 99 8898
41 104 1224
41 139 6433
41 143 4532
41 153 1182
42 54 5825
42 61 5219
42 65 3119
42 73 2878
42 83 163
42 102 6331
42 115 8136
42 116 5960
42 118 2401
42 120 6932
42 123 4662
42 125 567
42 132 1262
42 142 8278
42 143 8242
42 147 1693
42 154 6548
43 61 3623
43 75 5879
43 80 893
43 92 6874
43 108 4676
43 112 4119
43 116 7391
43 126 232
43 130 7693
43 132 901
43 145 4907
43 148 5698
43 152 3632
44 48 1307
44 49 1214
44 51 1562
44 54 6322
44 55 4486
44 61 1506
44 65 2135
44 75 8720
44 81 1130
44 110 2994
44 115 6698
44 122 5513
44 143 4571
45 48 2108
45 52 2475
45 58 6318
45 64 7766
45 69 5909
45 73 3277
45 81 5596
45 82 4625
45 107 200
45 119 204
45 120 7196
45 133 8415
45 135 2565
45 137 4360
45 156 8234
46 64 7741
46 88 4485
46 89 8469
46 90 840
46 93 2089
46 110 1379
46 122 2715
46 128 1475
46 136 1091
46 140 6471
46 149 5520
47 48 5345
47 64 5219
47 76 5789
47 77 5402
47 81 355
47 83 4187
47 88 2094
47 90 7668
47 93 1087
47 95 7941
47 102 1170
47 116 7045
47 117 174
47 121 4148
47 122 6772
47 137 7769
47 138 5461
47 143 6839
48 49 3143
48 51 3900
48 64 6047
48 78 8848
48 101 8149
48 110 8155
48 120 312
48 122 7481
48 133 7735
48 136 2196
48 140 8084
48 145 2207
48 146 7248
48 155 6955
49 60 2940
49 65 140
49 70 6030
49 73 8247
49 74 5837
49 75 1519
49 76 6132
49 77 7080
49 79 2789
49 85 2265
49 103 1357
49 105 1810
49 110 4031
49 137 8878
49 145 6554
49 148 748
49 151 5333
50 57 6599
50 61 1456
50 70 2050
50 72 1103
50 76 919
50 87 6894
50 91 933
50 92 4166
50 95 149
50 101 6732
50 104 4301
50 105 3122
50 116 6313
50 119 3868
50 121 5647
50 143 6777
50 157 7560
51 56 4840
51 57 4249
51 59 6790
51 60 4937
51 63 5607
51 64 7660
51 74 5113
51 80 3857
51 83 6570
51 87 8658
51 93 4365
51 95 4702
51 99 1339
51 105 4357
51 106 3712
51 110 4124
51 125 1098
51 129 3853
51 134 8584
51 137 5260
51 142 7583
51 143 8317
51 152 6558
51 157 2246
52 53 67
52 59 7560
52 60 5889
52 77 6450
52 85 1483
52 92 5532
52 96 621
52 97 211
52 102 1945
52 107 1602
52 109 1116
52 114 8337
52 128 7744
52 138 1428
52 140 1174
52 142 4639
52 144 5426
52 146 3544
52 154 7463
52 157 2879
52 158 4564
53 55 4840
53 76 7972
53 90 1409
53 94 1423
53 95 5571
53 117 5115
53 125 4681
53 137 217
53 139 2950
53 143 3582
53 150 5934
53 153 5039
54 56 3752
54 72 1142
54 77 4809
54 82 6734
54 90 430
54 98 2038
54 99 249
54 109 6402
54 110 4069
54 122 3808
54 130 2751
54 134 3179
54 142 2683
54 149 314
54 153 5015
54 154 3874
54 155 3264
55 64 1105
55 71 2507
55 75 3669
55 77 4367
55 89 1914
55 91 3814
55 110 1386
55 128 968
55 129 4042
55 132 8038
55 151 6592
56 57 7368
56 60 2785
56 62 658
56 63 769
56 64 3212
56 66 3789
56 73 220
56 79 3436
56 94 8216
56 104 6183
56 123 134
56 126 2163
56 131 2853
56 142 7575
56 145 5687
56 153 6551
56 155 6236
57 58 7314
57 62 1254
57 63 2185
57 67 7724
57 70 3859
57 71 1417
57 73 8782
57 85 814
57 90 6492
57 93 3095
57 100 7858
57 111 5719
57 128 3399
57 138 3763
57 144 3278
57 148 1320
57 153 1272
57 158 7958
58 63 2277
58 65 4560
58 71 4575
58 77 2286
58 90 5055
58 105 6424
58 107 6433
58 113 8673
58 114 5041
58 120 581
58 128 199
58 131 198
58 134 7729
58 142 5883
58 143 3949
58 144 2998
58 150 5119
59 65 2503
59 74 3579
59 77 8854
59 84 6719
59 89 2922
59 91 7882
59 99 4919
59 112 3955
59 133 7397
59 143 8413
60 89 2348
60 93 4318
60 102 7684
60 122 6305
60 123 6831
60 136 8852
60 137 1733
60 153 5676
60 154 5867
61 66 2782
61 75 6689
61 105 6621
61 108 201
61 109 6669
61 120 1646
61 124 4420
61 132 7658
61 137 4391
61 148 1343
61 150 202
62 73 7777
62 87 8216
62 88 8323
62 96 2329
62 100 1237
62 104 5688
62 130 2260
62 134 8458
62 148 5144
62 153 1144
62 154 8667
63 91 6380
63 98 3596
63 105 2657
63 109 3558
63 114 1181
63 124 730
63 128 7261
63 129 2967
63 130 8882
63 133 5092
63 139 4883
63 154 8919
63 155 7895
64 69 2604
64 75 2200
64 86 517
64 99 4188
64 100 2622
64 109 887
64 115 531
64 117 6197
64 121 2801
64 145 91
64 146 4229
64 156 7016
65 71 6072
65 73 7274
65 76 6057
65 90 6315
65 91 5417
65 93 6727
65 103 66
65 123 6908
65 124 1663
65 132 2567
65 134 1459
65 135 4770
65 136 7594
65 137 2863
65 156 1013
65 158 777
66 74 6657
66 107 7753
66 119 5906
66 120 1256
66 121 7762
66 127 4237
66 131 6912
66 137 8720
66 139 1840
66 140 925
66 153 4097
67 76 6023
67 92 2541
67 102 1831
67 106 5930
67 108 2278
67 109 8723
67 111 6658
67 113 1888
67 117 4244
67 121 6933
67 125 5336
67 127 6639
67 137 1040
67 158 6069
68 75 7681
68 77 4323
68 80 2039
68 82 1432
68 108 634
68 136 2753
68 141 4462
68 143 8029
68 146 7506
68 147 8441
69 72 1585
69 77 8031
69 89 6684
69 91 5699
69 100 5844
69 122 2712
69 128 2192
69 130 307
69 131 5197
69 137 3874
69 140 8621
69 145 7586
69 147 7364
69 154 1934
69 158 7633
70 90 1075
70 96 587
70 121 3267
70 126 7546
70 128 5664
70 135 5060
70 136 7718
70 138 5873
70 140 3474
70 141 3943
70 145 6641
70 149 1117
70 152 2184
70 154 4739
71 73 4259
71 77 1907
71 83 772
71 98 5683
71 100 1307
71 110 2856
71 112 3312
71 131 6271
71 141 2767
71 145 1129
71 150 4673
72 82 4353
72 97 1637
72 102 4225
72 121 3976
72 144 8758
72 148 7129
72 153 5148
73 79 4742
73 84 5467
73 118 5285
73 126 8847
73 140 754
73 145 1986
73 155 3554
74 77 3649
74 86 8448
74 96 3978
74 98 606
74 105 2159
74 106 6358
74 113 8135
74 114 8662
74 124 5655
74 126 2963
74 129 4724
74 138 5094
74 141 1191
75 83 217
75 100 6338
75 104 296
75 110 3976
75 114 2685
75 122 3136
75 123 2491
75 127 5633
75 132 6662
75 135 5129
76 80 3926
76 82 4480
76 89 5388
76 93 6830
76 95 4159
76 96 5197
76 113 4135
76 115 1942
76 137 196
76 140 7780
76 149 7138
76 150 3477
76 158 4297
77 89 6380
77 114 1457
77 116 8358
77 120 7489
77 135 1751
77 140 7570
78 118 7508
78 125 876
78 128 203
78 131 849
78 143 2299
78 157 7925
79 84 1354
79 89 2095
79 97 7837
79 100 7618
79 105 5293
79 111 7583
79 123 2318
79 132 663
79 143 6661
79 149 7177
79 153 6052
80 95 3020
80 101 2240
80 115 4217
80 122 3260
80 124 5334
80 127 5089
80 134 6027
80 135 6931
80 146 8180
80 153 6396
81 87 4323
81 91 4991
81 101 5749
81 109 3073
81 112 1983
81 113 31
81 114 8029
81 125 4565
81 139 2792
81 140 7391
81 147 3489
81 152 6027
81 157 4049
81 158 4882
82 87 6998
82 96 6816
82 98 636
82 99 1058
82 102 3534
82 103 7303
82 109 2121
82 124 1658
82 133 4474
82 134 676
82 143 5780
82 148 374
82 154 1931
83 89 8153
83 110 5512
83 120 5248
83 125 6243
83 126 5127
83 130 6227
83 133 8225
83 143 3468
83 149 6215
83 153 2686
84 115 4179
84 120 3005
84 123 5298
84 124 5950
84 128 771
84 145 5321
84 148 2833
84 158 1460
85 103 8757
85 141 175
86 98 7645
86 113 2531
86 124 3150
86 134 8856
86 138 198
87 94 7404
87 97 5667
87 99 192
87 112 2266
87 130 8008
87 132 8451
87 146 7136
87 152 5924
87 155 8275
88 100 951
88 118 4597
88 121 4777
88 123 7412
88 133 2047
88 141 7179
88 143 1174
88 145 2675
88 153 2188
89 102 4071
89 106 1433
89 115 3552
89 120 1396
89 123 2667
89 124 7449
89 136 7991
89 145 7992
89 154 8180
90 93 3104
90 99 8505
90 144 1473
90 155 2782
90 158 2065
91 124 6140
91 129 3759
91 133 4872
91 139 5300
91 143 5456
91 144 1213
91 146 877
91 153 2089
91 156 6980
92 110 7509
92 117 1123
92 121 1982
92 133 7038
92 135 4723
92 140 2812
92 141 374
92 146 8535
92 150 738
92 154 2771
93 94 7210
93 116 3257
93 139 4189
93 141 8720
94 110 288
94 146 8622
94 152 5737
94 158 4583
95 108 7248
95 117 3496
95 118 2553
95 129 4743
95 141 3693
95 145 5795
95 148 4353
96 110 7433
96 133 3331
96 137 1657
96 142 5494
96 143 6745
96 144 8835
97 99 5298
97 104 6547
97 152 7254
97 153 8746
98 99 3651
98 106 7102
98 129 1167
98 134 5412
98 139 1594
98 155 6833
99 103 5946
99 111 5932
99 112 1899
99 121 3084
99 132 4727
99 136 2686
99 137 5866
99 139 5650
99 141 1764
99 157 6712
100 104 7083
100 117 713
100 122 3713
100 123 4818
101 102 2568
101 105 3096
101 111 1494
101 113 1496
101 114 6159
101 131 2599
101 140 549
101 153 4326
102 110 5628
102 112 6748
102 139 1237
102 146 8003
102 154 1653
103 112 6478
103 120 6757
103 121 4033
103 123 5893
103 126 6306
103 139 7555
103 141 1372
103 142 7812
103 145 3128
103 157 3568
104 106 8722
104 108 8048
104 110 3636
104 113 4116
104 114 5123
104 123 4483
104 124 403
104 127 2640
104 129 457
104 132 8828
104 136 4465
104 144 927
104 145 2766
104 149 5815
105 107 210
105 114 991
105 132 7607
105 156 4652
106 116 7337
106 118 4798
106 126 4844
106 133 4498
106 137 2092
106 148 8122
106 149 3769
107 111 100
107 133 687
107 145 6975
107 154 4749
107 157 4405
108 123 1678
108 136 7101
108 138 4978
108 140 8249
108 145 3067
108 152 3924
108 156 951
108 158 6796
109 115 8690
109 116 3195
109 118 2129
109 120 6654
109 132 3318
109 134 6805
109 135 4264
110 133 2835
110 152 231
110 156 1248
110 158 3006
111 115 6752
111 145 3218
111 158 7189
112 114 5008
112 115 3893
112 123 7693
112 139 1713
112 151 8277
112 153 6171
113 144 7392
113 145 2240
113 146 2735
113 154 1171
113 156 1114
114 133 6375
114 147 849
115 136 430
115 148 8659
115 152 3710
116 121 2081
116 127 3627
116 155 8838
116 157 5375
117 133 4865
117 135 5170
117 141 1637
117 145 1709
117 150 4238
117 152 8879
118 123 3956
118 132 748
118 146 2639
119 121 4848
119 125 734
119 129 5466
119 134 5494
119 136 3450
119 140 4176
119 146 3333
119 152 2076
120 124 3114
120 129 5103
120 142 764
120 148 4667
121 148 8385
121 155 7686
122 139 7316
122 144 8599
122 145 7328
122 147 7594
122 152 899
123 132 7003
123 135 3209
123 147 4689
124 126 1616
124 132 6684
124 138 2049
124 149 7778
124 154 7351
124 156 5014
125 126 637
125 138 6743
125 139 4394
125 144 6517
125 146 3894
125 148 8456
125 149 5322
125 152 2187
126 128 7711
126 132 2632
126 135 8286
126 147 6549
126 148 2993
126 149 644
126 150 7905
126 152 6739
126 155 3622
127 137 5517
127 140 5807
127 144 3845
127 151 1224
127 157 835
128 151 1114
129 137 5487
129 147 3508
129 152 7856
130 134 1719
130 141 2431
130 142 7998
130 148 8596
130 158 2371
131 137 3331
131 148 1986
132 133 5053
132 134 5404
132 139 4794
132 141 8213
132 150 6329
132 151 7365
132 155 8560
132 158 676
133 139 2145
133 140 2148
133 141 7448
133 143 8610
134 141 8912
134 152 3209
135 142 5738
136 148 2942
136 156 6771
137 155 7298
138 142 2149
138 144 8214
138 147 6166
138 154 4728
138 155 1594
139 155 8405
140 143 5018
140 147 8189
140 150 6974
140 154 1758
140 155 7123
142 155 1275
143 154 4563
144 150 2422
145 146 4427
146 157 519
148 154 8179
148 156 5691
149 152 2556
149 155 8285
150 151 1972
150 153 1926
150 154 8837
152 156 1826
152 157 4803
153 157 7991
153 158 4390
154 155 3387
155 158 7273
157 158 3624
